[2m0.185[0m 1[2m/[0m3 🦄 [0;35mponi[0m[2m.local.release[0m puzzle2
[2m1.283[0m 2[2m/[0m3 🦄 [0;32mcc  [0m[2m.local.release[0m puzzle2-0.c
[2m2.372[0m 3[2m/[0m3 🦄 [0;34mlink[0m[2m.local.release[0m -> puzzle2
solve for: 0
bad matrix. creating sub-matrix and iterating...
[1.00000, 0.00000, 0.00000, 0.00000, 0.00000, 0.00000, 0.00000, 7.00000]
[0.00000, 1.00000, 0.00000, 0.00000, 0.00000, 0.00000, 1.00000, 17.00000]
[0.00000, 0.00000, 1.00000, 0.00000, 0.00000, 0.00000, 0.00000, 3.00000]
[0.00000, 0.00000, 0.00000, 1.00000, 0.00000, 0.00000, 0.00000, 20.00000]
[0.00000, 0.00000, 0.00000, 0.00000, 1.00000, 0.00000, 0.00000, 11.00000]
[-0.00000, -0.00000, -0.00000, -0.00000, -0.00000, 1.00000, -1.00000, -14.00000]
new pivot: 0 0
new pivot: 1 1
new pivot: 2 2
new pivot: 3 3
new pivot: 4 4
new pivot: 5 5
assignment column: (b) 6
new best: 58.000000
solution: true 0 -> 58.000000
solution= 7, 3, 3, 20, 11, 0, 14
solve for: 1
bad matrix. creating sub-matrix and iterating...
[1.00000, 0.00000, 0.00000, 0.00000, 0.00000, 0.00000, 4.00000]
[0.00000, 1.00000, 0.00000, 0.00000, 0.00000, 0.00000, 19.00000]
[0.00000, 0.00000, 1.00000, 0.00000, 0.00000, 0.00000, 20.00000]
[0.00000, 0.00000, 0.00000, 1.00000, 0.00000, 0.00000, 182.00000]
[0.00000, 0.00000, 0.00000, 0.00000, 1.00000, 0.00000, 14.00000]
[0.00000, 0.00000, 0.00000, 0.00000, 0.00000, 1.00000, 18.00000]
[0.00000, 0.00000, 0.00000, 0.00000, 0.00000, 0.00000, 0.00000]
[0.00000, 0.00000, 0.00000, 0.00000, 0.00000, 0.00000, 0.00000]
new pivot: 0 0
new pivot: 1 1
new pivot: 2 2
new pivot: 3 3
new pivot: 4 4
new pivot: 5 5
solution: false 1 -> 100000000.000000
solution= 0, 0, 0, 0, 0, 0
solve for: 2
bad matrix. creating sub-matrix and iterating...
[1.00000, 0.00000, 0.00000, 0.00000, 13.00000]
[0.00000, 1.00000, 0.00000, 0.00000, 18.00000]
[0.00000, 0.00000, 1.00000, 0.00000, 13.00000]
[-0.00000, -0.00000, -0.00000, 1.00000, 19.00000]
new pivot: 0 0
new pivot: 1 1
new pivot: 2 2
new pivot: 3 3
solution: false 2 -> 100000000.000000
solution= 0, 0, 0, 0
solve for: 3
bad matrix. creating sub-matrix and iterating...
[1.00000, 0.00000, 0.00000, 0.00000, 0.00000, 0.00000, 0.00000, 0.00000, 2.00000, 15.00000]
[0.00000, 1.00000, 0.00000, 0.00000, 0.00000, 0.00000, 0.00000, 0.00000, -0.50000, 12.50000]
[0.00000, 0.00000, 1.00000, 0.00000, 0.00000, 0.00000, 0.00000, 0.00000, -1.00000, 16.00000]
[0.00000, 0.00000, 0.00000, 1.00000, 0.00000, 0.00000, 0.00000, 0.00000, 0.50000, 9.50000]
[0.00000, 0.00000, 0.00000, 0.00000, 1.00000, 0.00000, 0.00000, 0.00000, 0.50000, 5.50000]
[0.00000, 0.00000, 0.00000, 0.00000, 0.00000, 1.00000, 0.00000, 0.00000, 1.00000, 20.00000]
[0.00000, 0.00000, 0.00000, 0.00000, 0.00000, 0.00000, 1.00000, 0.00000, -0.50000, 5.50000]
[-0.00000, -0.00000, -0.00000, -0.00000, -0.00000, -0.00000, -0.00000, 1.00000, 0.50000, 1.50000]
new pivot: 0 0
new pivot: 1 1
new pivot: 2 2
new pivot: 3 3
new pivot: 4 4
new pivot: 5 5
new pivot: 6 6
new pivot: 7 7
assignment column: (b) 8
new best: 84.000000
new best: 81.000000
solution: true 3 -> 81.000000
solution= 9, 14, 19, 8, 4, 17, 7, 0, 3
solve for: 4
bad matrix. creating sub-matrix and iterating...
[1.00000, 0.00000, 0.00000, 0.00000, 0.00000, 0.00000, 0.00000, 20.00000]
[0.00000, 1.00000, 0.00000, 0.00000, 0.00000, 0.00000, 0.00000, 20.00000]
[0.00000, 0.00000, 1.00000, 0.00000, 0.00000, 0.00000, 0.00000, 6.00000]
[0.00000, 0.00000, 0.00000, 1.00000, 0.00000, 0.00000, 0.00000, 0.00000]
[0.00000, 0.00000, 0.00000, 0.00000, 1.00000, 0.00000, 0.00000, 11.00000]
[0.00000, 0.00000, 0.00000, 0.00000, 0.00000, 1.00000, 0.00000, 17.00000]
[-0.00000, -0.00000, -0.00000, -0.00000, -0.00000, -0.00000, 1.00000, 10.00000]
[0.00000, 0.00000, 0.00000, 0.00000, 0.00000, 0.00000, 0.00000, 0.00000]
new pivot: 0 0
new pivot: 1 1
new pivot: 2 2
new pivot: 3 3
new pivot: 4 4
new pivot: 5 5
new pivot: 6 6
solution: false 4 -> 100000000.000000
solution= 0, 0, 0, 0, 0, 0, 0
solve for: 5
bad matrix. creating sub-matrix and iterating...
[1.00000, 0.00000, 0.00000, 0.00000, 0.00000, 0.00000, 0.00000, 0.00000, 0.35294, 0.88235, 7.70588]
[0.00000, 1.00000, 0.00000, 0.00000, 0.00000, 0.00000, 0.00000, 0.00000, -0.76470, -0.41176, 0.47058]
[0.00000, 0.00000, 1.00000, 0.00000, 0.00000, 0.00000, 0.00000, 0.00000, 0.05882, 0.64705, 1.11764]
[0.00000, 0.00000, 0.00000, 1.00000, 0.00000, 0.00000, 0.00000, 0.00000, -0.52941, 0.17647, 7.94117]
[0.00000, 0.00000, 0.00000, 0.00000, 1.00000, 0.00000, 0.00000, 0.00000, 0.11764, 0.29411, 15.23529]
[0.00000, 0.00000, 0.00000, 0.00000, 0.00000, 1.00000, 0.00000, 0.00000, -0.29411, -0.23529, 12.41176]
[0.00000, 0.00000, 0.00000, 0.00000, 0.00000, 0.00000, 1.00000, 0.00000, 0.82352, -0.94117, 24.64705]
[-0.00000, -0.00000, -0.00000, -0.00000, -0.00000, -0.00000, -0.00000, 1.00000, 0.58823, 0.47058, 26.17647]
new pivot: 0 0
new pivot: 1 1
new pivot: 2 2
new pivot: 3 3
new pivot: 4 4
new pivot: 5 5
new pivot: 6 6
new pivot: 7 7
assignment column: (b) 8
assignment column: (b) 9
new best: 97.000000
solution: true 5 -> 97.000000
solution= 7, 2, 1, 9, 15, 13, 23, 25, 2, 0
solve for: 6
bad matrix. creating sub-matrix and iterating...
[1.00000, 0.00000, 0.00000, 0.00000, -0.50000, 1.00000, 15.50000]
[0.00000, 1.00000, 0.00000, 0.00000, 0.50000, 0.00000, 9.50000]
[0.00000, 0.00000, 1.00000, 0.00000, 0.50000, -1.00000, 10.50000]
[0.00000, 0.00000, 0.00000, 1.00000, 0.00000, 1.00000, 7.00000]
new pivot: 0 0
new pivot: 1 1
new pivot: 2 2
new pivot: 3 3
assignment column: (b) 4
assignment column: (b) 5
new best: 43.000000
solution: true 6 -> 43.000000
solution= 16, 9, 10, 7, 1, 0
solve for: 7
bad matrix. creating sub-matrix and iterating...
[1.00000, 0.00000, 0.00000, 0.00000, 0.00000, 0.00000, 0.00000, 0.00000, 0.00000, 0.50000, 0.00000, 0.50000, 25.50000]
[0.00000, 1.00000, 0.00000, 0.00000, 0.00000, 0.00000, 0.00000, 0.00000, 0.00000, -0.50000, 1.00000, -0.50000, 29.50000]
[0.00000, 0.00000, 1.00000, 0.00000, 0.00000, 0.00000, 0.00000, 0.00000, 0.00000, 0.00000, -1.00000, 1.00000, -8.00000]
[0.00000, 0.00000, 0.00000, 1.00000, 0.00000, 0.00000, 0.00000, 0.00000, 0.00000, 0.50000, -1.00000, 0.50000, 5.50000]
[0.00000, 0.00000, 0.00000, 0.00000, 1.00000, 0.00000, 0.00000, 0.00000, 0.00000, 0.00000, 0.00000, 0.00000, 1.00000]
[0.00000, 0.00000, 0.00000, 0.00000, 0.00000, 1.00000, 0.00000, 0.00000, 0.00000, 0.00000, 0.00000, 0.00000, 15.00000]
[0.00000, 0.00000, 0.00000, 0.00000, 0.00000, 0.00000, 1.00000, 0.00000, 0.00000, -0.50000, 0.00000, -0.50000, 7.50000]
[-0.00000, -0.00000, -0.00000, -0.00000, -0.00000, -0.00000, -0.00000, 1.00000, -0.00000, 0.50000, -0.00000, 0.50000, 8.50000]
[-0.00000, -0.00000, -0.00000, -0.00000, -0.00000, -0.00000, -0.00000, -0.00000, 1.00000, -0.00000, -0.00000, 1.00000, 8.00000]
[0.00000, 0.00000, 0.00000, 0.00000, 0.00000, 0.00000, 0.00000, 0.00000, 0.00000, 0.00000, 0.00000, 0.00000, 0.00000]
new pivot: 0 0
new pivot: 1 1
new pivot: 2 2
new pivot: 3 3
new pivot: 4 4
new pivot: 5 5
new pivot: 6 6
new pivot: 7 7
new pivot: 8 8
assignment column: (a) 9
assignment column: (a) 10
assignment column: (a) 11
new pivot: 9 12
new best: 109.000000
solution: true 7 -> 109.000000
solution= 25, 21, 0, 14, 1, 15, 8, 8, 7, 0, 9, 1
solve for: 8
bad matrix. creating sub-matrix and iterating...
[1.00000, 0.00000, 0.00000, 0.00000, 0.00000, 0.00000, 0.00000, 0.00000, 1.00000, 0.00000, 22.00000]
[0.00000, 1.00000, 0.00000, 0.00000, 0.00000, 0.00000, 0.00000, 0.00000, 0.00000, 0.00000, 5.00000]
[0.00000, 0.00000, 1.00000, 0.00000, 0.00000, 0.00000, 0.00000, 0.00000, 0.00000, 0.00000, 0.00000]
[0.00000, 0.00000, 0.00000, 1.00000, 0.00000, 0.00000, 0.00000, 0.00000, 0.00000, 0.00000, 6.00000]
[-0.00000, -0.00000, -0.00000, -0.00000, 1.00000, 0.00000, -0.00000, -0.00000, -1.00000, 0.00000, 7.00000]
[0.00000, 0.00000, 0.00000, 0.00000, 0.00000, 1.00000, 0.00000, 0.00000, 0.00000, 0.00000, 11.00000]
[0.00000, 0.00000, 0.00000, 0.00000, 0.00000, 0.00000, 1.00000, 0.00000, 0.00000, 0.00000, 13.00000]
[0.00000, 0.00000, 0.00000, 0.00000, 0.00000, 0.00000, 0.00000, 1.00000, 0.00000, 0.00000, 7.00000]
[0.00000, 0.00000, 0.00000, 0.00000, 0.00000, 0.00000, 0.00000, 0.00000, 0.00000, 1.00000, 1.00000]
[0.00000, 0.00000, 0.00000, 0.00000, 0.00000, 0.00000, 0.00000, 0.00000, 0.00000, 0.00000, 0.00000]
new pivot: 0 0
new pivot: 1 1
new pivot: 2 2
new pivot: 3 3
new pivot: 4 4
new pivot: 5 5
new pivot: 6 6
new pivot: 7 7
assignment column: (a) 8
new pivot: 8 9
new best: 72.000000
solution: true 8 -> 72.000000
solution= 22, 5, 0, 6, 7, 11, 13, 7, 0, 1
solve for: 9
bad matrix. creating sub-matrix and iterating...
[1.00000, 0.00000, 0.00000, 0.00000, 1.00000, 0.00000, 7.00000]
[0.00000, 1.00000, 0.00000, 0.00000, 1.00000, 1.00000, 27.00000]
[-0.00000, -0.00000, 1.00000, -0.00000, -1.00000, 1.00000, 4.00000]
[0.00000, 0.00000, 0.00000, 1.00000, 0.00000, -1.00000, 6.00000]
new pivot: 0 0
new pivot: 1 1
new pivot: 2 2
new pivot: 3 3
assignment column: (b) 4
assignment column: (b) 5
new best: 44.000000
solution: true 9 -> 44.000000
solution= 7, 27, 4, 6, 0, 0
solve for: 10
bad matrix. creating sub-matrix and iterating...
[1.00000, 0.00000, 0.00000, 0.00000, 0.00000, 0.00000, 0.00000, 0.00000, 0.00000, -2.00000, -37.00000]
[0.00000, 1.00000, 0.00000, 0.00000, 0.00000, 0.00000, 0.00000, 0.00000, 0.00000, 1.00000, 28.00000]
[0.00000, 0.00000, 1.00000, 0.00000, 0.00000, 0.00000, 0.00000, 0.00000, 0.00000, -5.00000, -84.00000]
[0.00000, 0.00000, 0.00000, 1.00000, 0.00000, 0.00000, 0.00000, 0.00000, 0.00000, 3.00000, 59.00000]
[0.00000, 0.00000, 0.00000, 0.00000, 1.00000, 0.00000, 0.00000, 0.00000, 0.00000, 6.00000, 125.00000]
[0.00000, 0.00000, 0.00000, 0.00000, 0.00000, 1.00000, 0.00000, 0.00000, 0.00000, 2.00000, 40.00000]
[0.00000, 0.00000, 0.00000, 0.00000, 0.00000, 0.00000, 1.00000, 0.00000, 0.00000, 8.00000, 165.00000]
[0.00000, 0.00000, 0.00000, 0.00000, 0.00000, 0.00000, 0.00000, 1.00000, 0.00000, -2.00000, -24.00000]
[-0.00000, -0.00000, -0.00000, -0.00000, -0.00000, -0.00000, -0.00000, -0.00000, 1.00000, -1.00000, -6.00000]
new pivot: 0 0
new pivot: 1 1
new pivot: 2 2
new pivot: 3 3
new pivot: 4 4
new pivot: 5 5
new pivot: 6 6
new pivot: 7 7
new pivot: 8 8
assignment column: (b) 9
new best: 95.000000
solution: true 10 -> 95.000000
solution= 1, 9, 11, 2, 11, 2, 13, 14, 13, 19
solve for: 11
bad matrix. creating sub-matrix and iterating...
[1.00000, 0.00000, 0.00000, 0.00000, 0.00000, 0.00000, 0.00000, 0.00000, 3.00000]
[0.00000, 1.00000, 0.00000, 0.00000, 0.00000, 0.00000, 0.00000, 1.00000, 206.00000]
[0.00000, 0.00000, 1.00000, 0.00000, 0.00000, 0.00000, 0.00000, 0.00000, 9.00000]
[0.00000, 0.00000, 0.00000, 1.00000, 0.00000, 0.00000, 0.00000, 0.00000, 4.00000]
[0.00000, 0.00000, 0.00000, 0.00000, 1.00000, 0.00000, 0.00000, -1.00000, -193.00000]
[0.00000, 0.00000, 0.00000, 0.00000, 0.00000, 1.00000, 0.00000, 0.00000, 20.00000]
[0.00000, 0.00000, 0.00000, 0.00000, 0.00000, 0.00000, 1.00000, 0.00000, 20.00000]
[0.00000, 0.00000, 0.00000, 0.00000, 0.00000, 0.00000, 0.00000, 0.00000, 0.00000]
[0.00000, 0.00000, 0.00000, 0.00000, 0.00000, 0.00000, 0.00000, 0.00000, 0.00000]
[0.00000, 0.00000, 0.00000, 0.00000, 0.00000, 0.00000, 0.00000, 0.00000, 0.00000]
new pivot: 0 0
new pivot: 1 1
new pivot: 2 2
new pivot: 3 3
new pivot: 4 4
new pivot: 5 5
new pivot: 6 6
assignment column: (a) 7
new pivot: 7 8
new best: 262.000000
solution: true 11 -> 262.000000
solution= 3, 13, 9, 4, 0, 20, 20, 193
solve for: 12
bad matrix. creating sub-matrix and iterating...
[1.00000, 0.00000, 0.00000, 0.00000, 0.00000, 0.00000]
[0.00000, 1.00000, 0.00000, 0.00000, 1.00000, 10.00000]
[0.00000, 0.00000, 1.00000, 0.00000, 1.00000, 5.00000]
[0.00000, 0.00000, 0.00000, 1.00000, 0.00000, 14.00000]
[0.00000, 0.00000, 0.00000, 0.00000, 0.00000, 0.00000]
new pivot: 0 0
new pivot: 1 1
new pivot: 2 2
new pivot: 3 3
assignment column: (a) 4
new pivot: 4 5
new best: 29.000000
new best: 28.000000
new best: 27.000000
new best: 26.000000
new best: 25.000000
new best: 24.000000
solution: true 12 -> 24.000000
solution= 0, 5, 0, 14, 5
solve for: 13
bad matrix. creating sub-matrix and iterating...
[1.00000, 0.00000, 0.00000, 0.00000, 0.00000, 0.00000, -1.00000, 0.00000, 0.00000, 1.00000]
[0.00000, 1.00000, 0.00000, 0.00000, 0.00000, 1.00000, 1.00000, 0.00000, 0.00000, 28.00000]
[0.00000, 0.00000, 1.00000, 0.00000, 0.00000, -1.00000, -1.00000, 0.00000, 0.00000, -7.00000]
[0.00000, 0.00000, 0.00000, 1.00000, 0.00000, 1.00000, 2.00000, 0.00000, 0.00000, 12.00000]
[0.00000, 0.00000, 0.00000, 0.00000, 1.00000, 1.00000, 2.00000, 0.00000, 0.00000, 29.00000]
[0.00000, 0.00000, 0.00000, 0.00000, 0.00000, 0.00000, 0.00000, 1.00000, 0.00000, 13.00000]
[-0.00000, -0.00000, -0.00000, -0.00000, -0.00000, -0.00000, -0.00000, -0.00000, 1.00000, 13.00000]
new pivot: 0 0
new pivot: 1 1
new pivot: 2 2
new pivot: 3 3
new pivot: 4 4
assignment column: (a) 5
assignment column: (a) 6
new pivot: 5 7
new pivot: 6 8
new best: 77.000000
solution: true 13 -> 77.000000
solution= 6, 21, 0, 0, 17, 2, 5, 13, 13
solve for: 14
bad matrix. creating sub-matrix and iterating...
[1.00000, 0.00000, 0.00000, 0.00000, 0.00000, 0.00000, 0.00000, 0.00000, 0.00000, 5.00000]
[0.00000, 1.00000, 0.00000, 0.00000, 0.00000, 0.00000, 0.00000, 0.00000, 0.00000, 0.00000]
[0.00000, 0.00000, 1.00000, 0.00000, 0.00000, 0.00000, 0.00000, 0.00000, 0.00000, 10.00000]
[0.00000, 0.00000, 0.00000, 1.00000, 0.00000, 0.00000, 0.00000, 0.00000, 1.00000, 11.00000]
[-0.00000, -0.00000, -0.00000, -0.00000, 1.00000, -0.00000, -0.00000, -0.00000, -0.00000, 1.00000]
[-0.00000, -0.00000, -0.00000, -0.00000, -0.00000, 1.00000, -0.00000, -0.00000, -0.00000, 5.00000]
[-0.00000, -0.00000, -0.00000, -0.00000, -0.00000, -0.00000, 1.00000, -0.00000, -0.00000, 2.00000]
[-0.00000, -0.00000, -0.00000, -0.00000, -0.00000, -0.00000, -0.00000, 1.00000, -1.00000, -0.00000]
new pivot: 0 0
new pivot: 1 1
new pivot: 2 2
new pivot: 3 3
new pivot: 4 4
new pivot: 5 5
new pivot: 6 6
new pivot: 7 7
assignment column: (b) 8
new best: 34.000000
solution: true 14 -> 34.000000
solution= 5, 0, 10, 11, 1, 5, 2, 0, 0
solve for: 15
bad matrix. creating sub-matrix and iterating...
[1.00000, 0.00000, 0.00000, 0.00000, 0.00000, 0.00000, 0.00000, 1.00000, 7.00000]
[0.00000, 1.00000, 0.00000, 0.00000, 0.00000, 0.00000, -1.00000, 0.00000, -18.00000]
[0.00000, 0.00000, 1.00000, 0.00000, 0.00000, 0.00000, 1.00000, 0.00000, 20.00000]
[0.00000, 0.00000, 0.00000, 1.00000, 0.00000, 0.00000, 1.00000, 0.00000, 22.00000]
[-0.00000, -0.00000, -0.00000, -0.00000, 1.00000, 0.00000, -1.00000, 1.00000, 6.00000]
[0.00000, 0.00000, 0.00000, 0.00000, 0.00000, 1.00000, 1.00000, -1.00000, 16.00000]
new pivot: 0 0
new pivot: 1 1
new pivot: 2 2
new pivot: 3 3
new pivot: 4 4
new pivot: 5 5
assignment column: (b) 6
assignment column: (b) 7
new best: 53.000000
solution: true 15 -> 53.000000
solution= 5, 0, 2, 4, 22, 0, 18, 2
solve for: 16
bad matrix. creating sub-matrix and iterating...
[1.00000, 0.00000, 0.00000, 0.00000, 0.00000, 0.00000, 0.00000, 0.00000, -1.66666, -2.66666]
[0.00000, 1.00000, 0.00000, 0.00000, 0.00000, 0.00000, 0.00000, 0.00000, 1.33333, 21.33333]
[0.00000, 0.00000, 1.00000, 0.00000, 0.00000, 1.00000, 0.00000, 0.00000, -1.66666, -1.66666]
[0.00000, 0.00000, 0.00000, 1.00000, 0.00000, 1.00000, 0.00000, 0.00000, 0.00000, 27.00000]
[0.00000, 0.00000, 0.00000, 0.00000, 1.00000, 0.00000, 0.00000, 0.00000, 0.66666, 8.66666]
[0.00000, 0.00000, 0.00000, 0.00000, 0.00000, 0.00000, 1.00000, 0.00000, 0.33333, 4.33333]
[0.00000, 0.00000, 0.00000, 0.00000, 0.00000, 0.00000, 0.00000, 1.00000, -0.33333, 1.66666]
new pivot: 0 0
new pivot: 1 1
new pivot: 2 2
new pivot: 3 3
new pivot: 4 4
assignment column: (a) 5
new pivot: 5 6
new pivot: 6 7
assignment column: (b) 8
new best: 68.000000
new best: 67.000000
new best: 66.000000
new best: 65.000000
new best: 64.000000
new best: 63.000000
solution: true 16 -> 63.000000
solution= 4, 16, 0, 22, 6, 5, 3, 3, 4
solve for: 17
bad matrix. creating sub-matrix and iterating...
[1.00000, 0.00000, 0.00000, 0.00000, 0.00000, 0.00000, 0.00000, 0.00000, 0.00000, 0.00000, 1.00000, 22.00000]
[0.00000, 1.00000, 0.00000, 0.00000, 0.00000, 0.00000, 0.00000, 0.00000, 0.00000, 0.00000, -1.00000, -3.00000]
[0.00000, 0.00000, 1.00000, 0.00000, 0.00000, 0.00000, 0.00000, 0.00000, 0.00000, 0.00000, 1.00000, 30.00000]
[0.00000, 0.00000, 0.00000, 1.00000, 0.00000, 0.00000, 0.00000, 0.00000, 0.00000, 0.00000, 0.00000, 7.00000]
[0.00000, 0.00000, 0.00000, 0.00000, 1.00000, 0.00000, 0.00000, 0.00000, 0.00000, 0.00000, 2.00000, 47.00000]
[0.00000, 0.00000, 0.00000, 0.00000, 0.00000, 1.00000, 0.00000, 0.00000, 0.00000, 0.00000, 0.00000, 13.00000]
[0.00000, 0.00000, 0.00000, 0.00000, 0.00000, 0.00000, 1.00000, 0.00000, 0.00000, 0.00000, -4.00000, -50.00000]
[0.00000, 0.00000, 0.00000, 0.00000, 0.00000, 0.00000, 0.00000, 1.00000, 0.00000, 0.00000, 3.00000, 62.00000]
[0.00000, 0.00000, 0.00000, 0.00000, 0.00000, 0.00000, 0.00000, 0.00000, 1.00000, 0.00000, -2.00000, -32.00000]
[-0.00000, -0.00000, -0.00000, -0.00000, -0.00000, -0.00000, -0.00000, -0.00000, -0.00000, 1.00000, 1.00000, 26.00000]
new pivot: 0 0
new pivot: 1 1
new pivot: 2 2
new pivot: 3 3
new pivot: 4 4
new pivot: 5 5
new pivot: 6 6
new pivot: 7 7
new pivot: 8 8
new pivot: 9 9
assignment column: (b) 10
new best: 122.000000
solution: true 17 -> 122.000000
solution= 6, 13, 14, 7, 15, 13, 14, 14, 0, 10, 16
solve for: 18
bad matrix. creating sub-matrix and iterating...
[1.00000, 0.00000, 0.00000, 0.00000, 0.00000, 1.00000, 0.00000, 23.00000]
[0.00000, 1.00000, 0.00000, 0.00000, 0.00000, 0.50000, 0.00000, 23.00000]
[0.00000, 0.00000, 1.00000, 0.00000, 0.00000, -0.50000, 1.00000, 6.00000]
[0.00000, 0.00000, 0.00000, 1.00000, 0.00000, -0.50000, 1.00000, 11.00000]
[0.00000, 0.00000, 0.00000, 0.00000, 1.00000, 1.00000, -1.00000, 17.00000]
new pivot: 0 0
new pivot: 1 1
new pivot: 2 2
new pivot: 3 3
new pivot: 4 4
assignment column: (b) 5
assignment column: (b) 6
new best: 80.000000
new best: 79.000000
new best: 78.000000
new best: 77.000000
new best: 76.000000
new best: 75.000000
new best: 74.000000
new best: 73.000000
new best: 72.000000
new best: 71.000000
new best: 70.000000
new best: 69.000000
solution: true 18 -> 69.000000
solution= 1, 12, 12, 17, 0, 22, 5
solve for: 19
bad matrix. creating sub-matrix and iterating...
[1.00000, 0.00000, 0.00000, 0.00000, 0.00000, 18.00000]
[0.00000, 1.00000, 0.00000, 0.00000, 0.00000, 16.00000]
[0.00000, 0.00000, 1.00000, 0.00000, 0.00000, 196.00000]
[0.00000, 0.00000, 0.00000, 1.00000, 0.00000, 10.00000]
[-0.00000, -0.00000, -0.00000, -0.00000, 1.00000, 14.00000]
[0.00000, 0.00000, 0.00000, 0.00000, 0.00000, 0.00000]
[0.00000, 0.00000, 0.00000, 0.00000, 0.00000, 0.00000]
new pivot: 0 0
new pivot: 1 1
new pivot: 2 2
new pivot: 3 3
new pivot: 4 4
solution: false 19 -> 100000000.000000
solution= 0, 0, 0, 0, 0
solve for: 20
bad matrix. creating sub-matrix and iterating...
[1.00000, 0.00000, 0.00000, 0.00000, 0.00000, 8.00000]
[0.00000, 1.00000, 0.00000, 0.00000, 0.00000, 14.00000]
[0.00000, 0.00000, 1.00000, 0.00000, 0.00000, 12.00000]
[-0.00000, -0.00000, -0.00000, 1.00000, -0.00000, 18.00000]
[0.00000, 0.00000, 0.00000, 0.00000, 1.00000, 154.00000]
[0.00000, 0.00000, 0.00000, 0.00000, 0.00000, 0.00000]
new pivot: 0 0
new pivot: 1 1
new pivot: 2 2
new pivot: 3 3
new pivot: 4 4
solution: false 20 -> 100000000.000000
solution= 0, 0, 0, 0, 0
solve for: 21
bad matrix. creating sub-matrix and iterating...
[1.00000, 0.00000, 0.00000, 0.00000, 0.00000, 0.00000, 1.00000, 0.00000, 12.00000]
[0.00000, 1.00000, 0.00000, 0.00000, 0.00000, 0.00000, 0.50000, 0.50000, 13.00000]
[0.00000, 0.00000, 1.00000, 0.00000, 0.00000, 0.00000, 0.50000, -0.50000, 10.00000]
[0.00000, 0.00000, 0.00000, 1.00000, 0.00000, 0.00000, -1.00000, 1.00000, 31.00000]
[0.00000, 0.00000, 0.00000, 0.00000, 1.00000, 0.00000, 0.00000, 0.00000, 9.00000]
[-0.00000, -0.00000, -0.00000, -0.00000, -0.00000, 1.00000, 0.50000, -0.50000, -5.00000]
new pivot: 0 0
new pivot: 1 1
new pivot: 2 2
new pivot: 3 3
new pivot: 4 4
new pivot: 5 5
assignment column: (b) 6
assignment column: (b) 7
new best: 75.000000
solution: true 21 -> 75.000000
solution= 12, 8, 15, 21, 9, 0, 0, 10
solve for: 22
bad matrix. creating sub-matrix and iterating...
[1.00000, 0.00000, 0.00000, 0.00000, 0.00000, 0.00000, 0.00000, -0.50000, 6.00000]
[0.00000, 1.00000, 0.00000, 0.00000, 0.00000, 0.00000, 0.00000, 0.75000, 11.50000]
[0.00000, 0.00000, 1.00000, 0.00000, 0.00000, 0.00000, 0.00000, 0.25000, 13.50000]
[0.00000, 0.00000, 0.00000, 1.00000, 0.00000, 0.00000, 0.00000, -1.00000, 13.00000]
[0.00000, 0.00000, 0.00000, 0.00000, 1.00000, 0.00000, 0.00000, 0.25000, 20.50000]
[-0.00000, -0.00000, -0.00000, -0.00000, -0.00000, 1.00000, 0.00000, -0.25000, 6.50000]
[-0.00000, -0.00000, -0.00000, -0.00000, -0.00000, -0.00000, 1.00000, 0.75000, 8.50000]
new pivot: 0 0
new pivot: 1 1
new pivot: 2 2
new pivot: 3 3
new pivot: 4 4
new pivot: 5 5
new pivot: 6 6
assignment column: (b) 7
new best: 81.000000
solution: true 22 -> 81.000000
solution= 7, 10, 13, 15, 20, 7, 7, 2
solve for: 23
bad matrix. creating sub-matrix and iterating...
[1.00000, 0.00000, 0.00000, 0.00000, 0.00000, 0.00000, 0.00000, 0.00000, 0.00000, 0.00000, 8.00000]
[0.00000, 1.00000, 0.00000, 0.00000, 0.00000, 0.00000, 0.00000, 0.00000, 0.00000, 0.00000, 9.00000]
[0.00000, 0.00000, 1.00000, 0.00000, 0.00000, 0.00000, 0.00000, 0.00000, 2.00000, 0.00000, 28.00000]
[0.00000, 0.00000, 0.00000, 1.00000, 0.00000, 0.00000, 0.00000, 0.00000, -1.00000, 0.00000, 4.00000]
[0.00000, 0.00000, 0.00000, 0.00000, 1.00000, 0.00000, 0.00000, 0.00000, 1.00000, 0.00000, 16.00000]
[0.00000, 0.00000, 0.00000, 0.00000, 0.00000, 1.00000, 0.00000, 0.00000, 0.00000, 0.00000, 13.00000]
[0.00000, 0.00000, 0.00000, 0.00000, 0.00000, 0.00000, 1.00000, 0.00000, 0.00000, 0.00000, 10.00000]
[0.00000, 0.00000, 0.00000, 0.00000, 0.00000, 0.00000, 0.00000, 1.00000, 1.00000, 0.00000, 27.00000]
[0.00000, 0.00000, 0.00000, 0.00000, 0.00000, 0.00000, 0.00000, 0.00000, 0.00000, 1.00000, 14.00000]
new pivot: 0 0
new pivot: 1 1
new pivot: 2 2
new pivot: 3 3
new pivot: 4 4
new pivot: 5 5
new pivot: 6 6
new pivot: 7 7
assignment column: (a) 8
new pivot: 8 9
new best: 129.000000
new best: 127.000000
new best: 125.000000
new best: 123.000000
new best: 121.000000
new best: 119.000000
new best: 117.000000
new best: 115.000000
new best: 113.000000
new best: 111.000000
new best: 109.000000
new best: 107.000000
new best: 105.000000
new best: 103.000000
new best: 101.000000
solution: true 23 -> 101.000000
solution= 8, 9, 0, 18, 2, 13, 10, 13, 14, 14
solve for: 24
bad matrix. creating sub-matrix and iterating...
[1.00000, 0.00000, 0.00000, 0.00000, 0.00000, 0.00000, 1.00000, 0.00000, 20.00000]
[0.00000, 1.00000, 0.00000, 0.00000, 0.00000, 0.00000, -1.00000, 0.00000, -5.00000]
[0.00000, 0.00000, 1.00000, 0.00000, 0.00000, 0.00000, 0.00000, 0.00000, 0.00000]
[0.00000, 0.00000, 0.00000, 1.00000, 0.00000, 0.00000, -1.00000, 0.00000, 12.00000]
[0.00000, 0.00000, 0.00000, 0.00000, 1.00000, 0.00000, 0.00000, 0.00000, 2.00000]
[-0.00000, -0.00000, -0.00000, -0.00000, -0.00000, 1.00000, 1.00000, -0.00000, 22.00000]
[0.00000, 0.00000, 0.00000, 0.00000, 0.00000, 0.00000, 0.00000, 1.00000, 12.00000]
[0.00000, 0.00000, 0.00000, 0.00000, 0.00000, 0.00000, 0.00000, 0.00000, 0.00000]
[0.00000, 0.00000, 0.00000, 0.00000, 0.00000, 0.00000, 0.00000, 0.00000, 0.00000]
new pivot: 0 0
new pivot: 1 1
new pivot: 2 2
new pivot: 3 3
new pivot: 4 4
new pivot: 5 5
assignment column: (a) 6
new pivot: 6 7
new best: 68.000000
solution: true 24 -> 68.000000
solution= 15, 0, 0, 17, 2, 17, 5, 12
solve for: 25
bad matrix. creating sub-matrix and iterating...
[1.00000, 0.00000, 0.00000, 0.00000, 0.00000, -1.00000, 0.00000, -1.00000, -18.00000]
[0.00000, 1.00000, 0.00000, 0.00000, 0.00000, 1.00000, 0.00000, 2.00000, 51.00000]
[0.00000, 0.00000, 1.00000, 0.00000, 0.00000, 1.00000, 0.00000, -1.00000, 9.00000]
[0.00000, 0.00000, 0.00000, 1.00000, 0.00000, 0.00000, 0.00000, -1.00000, -3.00000]
[-0.00000, -0.00000, -0.00000, -0.00000, 1.00000, -0.00000, -0.00000, 2.00000, 204.00000]
[-0.00000, -0.00000, -0.00000, -0.00000, -0.00000, -0.00000, 1.00000, -0.00000, 13.00000]
new pivot: 0 0
new pivot: 1 1
new pivot: 2 2
new pivot: 3 3
new pivot: 4 4
assignment column: (a) 5
new pivot: 5 6
assignment column: (b) 7
new best: 256.000000
solution: true 25 -> 256.000000
solution= 0, 15, 27, 15, 168, 0, 13, 18
solve for: 26
bad matrix. creating sub-matrix and iterating...
[1.00000, 0.00000, 0.00000, 0.00000, 0.00000, 0.00000, 0.00000, 3.00000, -0.50000, 38.00000]
[0.00000, 1.00000, 0.00000, 0.00000, 0.00000, 0.00000, 0.00000, -1.00000, 0.50000, -3.00000]
[0.00000, 0.00000, 1.00000, 0.00000, 0.00000, 0.00000, 0.00000, -3.00000, 0.00000, -28.00000]
[0.00000, 0.00000, 0.00000, 1.00000, 0.00000, 0.00000, 0.00000, -2.00000, 0.50000, 137.00000]
[0.00000, 0.00000, 0.00000, 0.00000, 1.00000, 0.00000, 0.00000, 1.00000, 0.00000, 27.00000]
[0.00000, 0.00000, 0.00000, 0.00000, 0.00000, 1.00000, 0.00000, 1.00000, 0.50000, 37.00000]
[0.00000, 0.00000, 0.00000, 0.00000, 0.00000, 0.00000, 1.00000, 1.00000, -0.50000, 8.00000]
new pivot: 0 0
new pivot: 1 1
new pivot: 2 2
new pivot: 3 3
new pivot: 4 4
new pivot: 5 5
new pivot: 6 6
assignment column: (b) 7
assignment column: (b) 8
new best: 228.000000
solution: true 26 -> 228.000000
solution= 10, 5, 2, 155, 17, 25, 0, 10, 4
solve for: 27
bad matrix. creating sub-matrix and iterating...
[1.00000, 0.00000, 0.00000, 0.00000, 0.00000, 1.00000, 0.00000, 29.00000]
[0.00000, 1.00000, 0.00000, 0.00000, 0.00000, 0.00000, 0.00000, 14.00000]
[0.00000, 0.00000, 1.00000, 0.00000, 0.00000, 0.00000, 1.00000, 31.00000]
[0.00000, 0.00000, 0.00000, 1.00000, 0.00000, 0.00000, 1.00000, 23.00000]
[-0.00000, -0.00000, -0.00000, -0.00000, 1.00000, -1.00000, -0.00000, 9.00000]
new pivot: 0 0
new pivot: 1 1
new pivot: 2 2
new pivot: 3 3
new pivot: 4 4
assignment column: (b) 5
assignment column: (b) 6
new best: 106.000000
new best: 105.000000
new best: 104.000000
new best: 103.000000
new best: 102.000000
new best: 101.000000
new best: 100.000000
new best: 99.000000
new best: 98.000000
new best: 97.000000
new best: 96.000000
new best: 95.000000
new best: 94.000000
new best: 93.000000
new best: 92.000000
new best: 91.000000
new best: 90.000000
new best: 89.000000
new best: 88.000000
new best: 87.000000
new best: 86.000000
new best: 85.000000
new best: 84.000000
new best: 83.000000
solution: true 27 -> 83.000000
solution= 29, 14, 8, 0, 9, 0, 23
solve for: 28
bad matrix. creating sub-matrix and iterating...
[1.00000, 0.00000, 0.00000, 0.00000, 0.00000, 0.00000, 19.00000]
[0.00000, 1.00000, 0.00000, 0.00000, 0.00000, 0.00000, 8.00000]
[0.00000, 0.00000, 1.00000, 0.00000, 0.00000, 0.00000, 7.00000]
[0.00000, 0.00000, 0.00000, 1.00000, 0.00000, 0.00000, 19.00000]
[0.00000, 0.00000, 0.00000, 0.00000, 1.00000, 0.00000, 15.00000]
[0.00000, 0.00000, 0.00000, 0.00000, 0.00000, 1.00000, 2.00000]
new pivot: 0 0
new pivot: 1 1
new pivot: 2 2
new pivot: 3 3
new pivot: 4 4
new pivot: 5 5
solution: false 28 -> 100000000.000000
solution= 0, 0, 0, 0, 0, 0
solve for: 29
bad matrix. creating sub-matrix and iterating...
[1.00000, 0.00000, 0.00000, 0.00000, 0.00000, 0.00000, 0.00000, 0.00000, 0.00000, 20.00000]
[0.00000, 1.00000, 0.00000, 0.00000, 0.00000, 0.00000, 0.00000, 0.00000, 0.00000, 133.00000]
[0.00000, 0.00000, 1.00000, 0.00000, 0.00000, 0.00000, 0.00000, 0.00000, 0.00000, 10.00000]
[0.00000, 0.00000, 0.00000, 1.00000, 0.00000, 0.00000, 0.00000, 0.00000, 0.00000, 16.00000]
[0.00000, 0.00000, 0.00000, 0.00000, 1.00000, 0.00000, 0.00000, 0.00000, 0.00000, 18.00000]
[0.00000, 0.00000, 0.00000, 0.00000, 0.00000, 1.00000, 0.00000, 0.00000, 0.00000, 7.00000]
[0.00000, 0.00000, 0.00000, 0.00000, 0.00000, 0.00000, 1.00000, 0.00000, 0.00000, 17.00000]
[0.00000, 0.00000, 0.00000, 0.00000, 0.00000, 0.00000, 0.00000, 1.00000, 0.00000, 3.00000]
[-0.00000, -0.00000, -0.00000, -0.00000, -0.00000, -0.00000, -0.00000, -0.00000, 1.00000, 11.00000]
new pivot: 0 0
new pivot: 1 1
new pivot: 2 2
new pivot: 3 3
new pivot: 4 4
new pivot: 5 5
new pivot: 6 6
new pivot: 7 7
new pivot: 8 8
solution: false 29 -> 100000000.000000
solution= 0, 0, 0, 0, 0, 0, 0, 0, 0
solve for: 30
bad matrix. creating sub-matrix and iterating...
[1.00000, 0.00000, 0.00000, 0.00000, 0.00000, -1.00000, -1.00000, 6.00000]
[0.00000, 1.00000, 0.00000, 0.00000, 0.00000, 2.00000, 0.00000, 23.00000]
[0.00000, 0.00000, 1.00000, 0.00000, 0.00000, -1.00000, 0.00000, 11.00000]
[0.00000, 0.00000, 0.00000, 1.00000, 0.00000, 1.00000, 0.00000, 15.00000]
[0.00000, 0.00000, 0.00000, 0.00000, 1.00000, 0.00000, 1.00000, 30.00000]
new pivot: 0 0
new pivot: 1 1
new pivot: 2 2
new pivot: 3 3
new pivot: 4 4
assignment column: (b) 5
assignment column: (b) 6
new best: 85.000000
solution: true 30 -> 85.000000
solution= 6, 23, 11, 15, 30, 0, 0
solve for: 31
bad matrix. creating sub-matrix and iterating...
[1.00000, 0.00000, 0.00000, 0.00000, 0.50000, 6.50000]
[0.00000, 1.00000, 0.00000, 0.00000, 0.00000, 8.00000]
[0.00000, 0.00000, 1.00000, 0.00000, -0.50000, 185.50000]
[0.00000, 0.00000, 0.00000, 1.00000, 0.50000, 10.50000]
new pivot: 0 0
new pivot: 1 1
new pivot: 2 2
new pivot: 3 3
assignment column: (b) 4
new best: 211.000000
solution: true 31 -> 211.000000
solution= 6, 8, 186, 10, 1
solve for: 32
bad matrix. creating sub-matrix and iterating...
[1.00000, 0.00000, 0.00000, 0.00000, 0.00000, 0.00000, -1.00000, -170.00000]
[0.00000, 1.00000, 0.00000, 0.00000, 0.00000, 0.00000, 1.00000, 187.00000]
[0.00000, 0.00000, 1.00000, 0.00000, 0.00000, 0.00000, 0.00000, 2.00000]
[0.00000, 0.00000, 0.00000, 1.00000, 0.00000, 0.00000, 0.00000, 3.00000]
[0.00000, 0.00000, 0.00000, 0.00000, 1.00000, 0.00000, 1.00000, 194.00000]
[0.00000, 0.00000, 0.00000, 0.00000, 0.00000, 1.00000, 0.00000, 12.00000]
[0.00000, 0.00000, 0.00000, 0.00000, 0.00000, 0.00000, 0.00000, 0.00000]
[0.00000, 0.00000, 0.00000, 0.00000, 0.00000, 0.00000, 0.00000, 0.00000]
[0.00000, 0.00000, 0.00000, 0.00000, 0.00000, 0.00000, 0.00000, 0.00000]
new pivot: 0 0
new pivot: 1 1
new pivot: 2 2
new pivot: 3 3
new pivot: 4 4
new pivot: 5 5
assignment column: (a) 6
new pivot: 6 7
new best: 228.000000
solution: true 32 -> 228.000000
solution= 0, 17, 2, 3, 24, 12, 170
solve for: 33
bad matrix. creating sub-matrix and iterating...
[1.00000, 0.00000, 0.00000, 18.00000]
[0.00000, 1.00000, 0.00000, 7.00000]
[0.00000, 0.00000, 1.00000, 18.00000]
[0.00000, 0.00000, 0.00000, 0.00000]
new pivot: 0 0
new pivot: 1 1
new pivot: 2 2
solution: false 33 -> 100000000.000000
solution= 0, 0, 0
solve for: 34
bad matrix. creating sub-matrix and iterating...
[1.00000, 0.00000, 0.00000, 0.00000, 0.00000, 10.00000]
[0.00000, 1.00000, 0.00000, 0.00000, 0.00000, 7.00000]
[0.00000, 0.00000, 1.00000, 0.00000, 0.00000, 15.00000]
[0.00000, 0.00000, 0.00000, 1.00000, 0.00000, 151.00000]
[0.00000, 0.00000, 0.00000, 0.00000, 1.00000, 16.00000]
new pivot: 0 0
new pivot: 1 1
new pivot: 2 2
new pivot: 3 3
new pivot: 4 4
solution: false 34 -> 100000000.000000
solution= 0, 0, 0, 0, 0
solve for: 35
bad matrix. creating sub-matrix and iterating...
[1.00000, 0.00000, 0.00000, 0.00000, 0.00000, 0.00000, 0.00000, 0.00000, 0.00000, 0.00000, 13.99999]
[0.00000, 1.00000, 0.00000, 0.00000, 0.00000, 0.00000, 0.00000, 0.00000, 0.00000, 0.00000, 8.00000]
[0.00000, 0.00000, 1.00000, 0.00000, 0.00000, 0.00000, 0.00000, 0.00000, 0.00000, 0.00000, 3.00000]
[0.00000, 0.00000, 0.00000, 1.00000, 0.00000, 0.00000, 0.00000, 0.00000, 0.00000, 0.00000, 11.99999]
[0.00000, 0.00000, 0.00000, 0.00000, 1.00000, 0.00000, 0.00000, 0.00000, 0.00000, 0.00000, 14.00000]
[0.00000, 0.00000, 0.00000, 0.00000, 0.00000, 1.00000, 0.00000, 0.00000, 0.00000, 0.00000, 18.00000]
[0.00000, 0.00000, 0.00000, 0.00000, 0.00000, 0.00000, 1.00000, 0.00000, 0.00000, 0.00000, 18.99999]
[0.00000, 0.00000, 0.00000, 0.00000, 0.00000, 0.00000, 0.00000, 1.00000, 0.00000, 0.00000, 15.99999]
[0.00000, 0.00000, 0.00000, 0.00000, 0.00000, 0.00000, 0.00000, 0.00000, 1.00000, 0.00000, 2.00000]
[0.00000, 0.00000, 0.00000, 0.00000, 0.00000, 0.00000, 0.00000, 0.00000, 0.00000, 1.00000, 0.00000]
new pivot: 0 0
new pivot: 1 1
new pivot: 2 2
new pivot: 3 3
new pivot: 4 4
new pivot: 5 5
new pivot: 6 6
new pivot: 7 7
new pivot: 8 8
new pivot: 9 9
solution: false 35 -> 100000000.000000
solution= 0, 0, 0, 0, 0, 0, 0, 0, 0, 0
solve for: 36
bad matrix. creating sub-matrix and iterating...
[1.00000, 0.00000, 0.00000, 0.00000, 0.00000, 0.00000, 0.00000, 0.00000, 0.00000, 0.00000, 0.00000, -3.00000, 3.00000, -7.00000]
[0.00000, 1.00000, 0.00000, 0.00000, 0.00000, 0.00000, 0.00000, 0.00000, 0.00000, 1.00000, 0.00000, 1.00000, -1.00000, 39.00000]
[0.00000, 0.00000, 1.00000, 0.00000, 0.00000, 0.00000, 0.00000, 0.00000, 0.00000, 1.00000, 0.00000, -1.00000, 1.00000, 19.00000]
[0.00000, 0.00000, 0.00000, 1.00000, 0.00000, 0.00000, 0.00000, 0.00000, 0.00000, 0.00000, 0.00000, 2.00000, -2.00000, 26.00000]
[0.00000, 0.00000, 0.00000, 0.00000, 1.00000, 0.00000, 0.00000, 0.00000, 0.00000, -1.00000, 0.00000, 3.00000, -4.00000, 12